00000000
11111111
11111111
11111111
11111111
11111111
11111111
11111111
11111111
11111111
11111111
11111111
11111111
11111111
11111111
11111111
11111111
11111111
11111111
11111111
11111111
11111111
11111111
11111111
11111111
11111111
11111111
11111111
11111111
11111111
11111111
11111111
11111111
11111111
11110011
11000111
11000100
10111101
11001001
11000010
11000111
10110010
10101011
11000111
11011100
10110110
10010101
11100011
11110011
11111111
11111111
11100000
11111001
11111111
11110110
11111010
11110000
11100010
11010010
11111111
11111111
11101100
11111111
11111111
11111111
11111111
11111111
11100111
11100011
11111111
11111111
11111111
11111111
11101000
11101001
11110010
11111101
11111111
11111111
11111111
11111111
11111111
11111111
11111111
11111111
11111111
11111111
11101100
11111011
11101011
11111111
11111111
11111111
11111111
11010110
11111111
11111111
11111111
11111111
11111111
11100111
11111010
11111000
11111111
11111111
11111111
11110010
11100110
11111111
11111111
00000000
00000000
00000000
00000000
00000000
00011110
11110001
11111111
11111111
11000000
11100101
11111111
11111111
11011111
11111100
11111111
11001110
11111111
11111111
11111111
11111111
11111111
11111111
11111111
11111011
11111111
11111111
11111111
11111111
11111111
11111111
00000000
01111110
11001100
01101010
00001001
00000110
00000000
00000000
10001000
11111111
11111111
11111111
11111111
11111111
11111111
11111111
11111111
11110101
11111111
11111111
11111111
11111111
11111111
11111111
11111111
11111111
11111111
11111111
11111111
11111111
11111111
00000000
11111111
11111111
11111111
11111111
10011011
00101110
00110000
00101101
00000000
11111111
11111111
11111111
11111111
11111111
11111111
11111111
11111111
11111110
11111111
11111111
11111111
11111111
10100100
11111111
11111111
11111111
11111111
11111111
11111111
11111111
00100101
00000000
11111111
11111111
11111111
11001101
11011001
10111001
00101010
01011101
00000000
00101000
10100100
10111110
11111111
11111111
11111111
11111111
11111111
11101001
11111111
11111111
11111111
11011110
11100100
11010110
01111010
01100110
01110010
11111111
11111111
11111111
00000000
00111100
10001100
01011110
00110110
00101101
01001101
11000101
01010000
01110111
01011000
01000000
10110110
11000101
11011010
01111001
11111111
11111111
11111111
11100001
11111111
11111111
11111111
11000111
11111111
11000011
10100011
10010010
01101010
01011101
00101101
10001100
00000000
00110010
11111111
11111111
11100100
11111111
11111111
11001010
00010000
01100110
01010111
00110010
11011110
11101011
11111111
11100011
11111111
11111111
11111111
11110101
11111111
11111111
11111111
01101100
11001101
10101100
10101001
11011011
10111100
10100100
01111100
01101110
00011001
00000000
11111001
11110100
00000000
11000111
11111010
01011100
00000000
01100111
01101100
00111001
01101010
01111111
10011011
10010011
10010000
10111111
11001010
10001111
01101100
11111111
11111111
01111011
11001101
10110000
10000110
01101100
10001001
10001100
10000111
10101110
00111101
00011100
01010001
11111111
11111111
11000100
10110000
00111100
00101001
01110001
01010101
01000011
10010000
11001110
11010010
10101101
11011100
11100110
10100110
11100111
10011001
11111111
11111111
00111110
00111000
10001110
10111011
10001100
10100111
11011010
11111111
11111111
00111010
00100110
00000010
00111000
01111010
00011001
00000000
00101010
00111000
01000010
01010001
01000011
10000100
11101001
11111110
10110011
10101010
10010111
10100000
11111111
11111111
11111111
11111111
10111011
10101010
11101101
11111111
11111111
11111111
11111111
11111111
11111111
10011011
01000010
00101010
00000000
01010011
10111011
00010111
01100101
01101010
00000000
00111011
00111100
00110101
10100101
10101001
11000100
11010001
10111110
10111100
10011001
11101111
11111111
11111111
11111111
11111111
11111111
01000001
00010010
00111010
00011101
00011010
00101000
01011000
00011101
00000000
10000010
11111111
11111111
11111111
11111111
11111111
00110101
01010100
01110001
01010010
00111000
01001110
10110001
11000000
10101000
01111000
10100011
11001111
11111111
11111111
01010100
00110001
01100000
01110100
01101101
01001101
01010001
01000000
01001110
01001101
00000000
11010011
11111111
11111111
11111101
11111111
11111111
11110011
00000000
00100110
00110101
00101110
01001000
00110111
01101111
11111101
11110011
10101101
11100000
11100100
11111111
11111111
01111010
01010101
10000011
10100110
10010110
01000111
01010000
01110011
01100111
01000000
11010011
11111111
11111111
11111111
11111111
11111111
11111111
10111000
00000000
01001110
10011011
10110100
10100111
01011111
00111101
00101101
01110001
11001100
11111111
11111111
11111111
11111111
01110100
01111110
10000100
10100011
01111010
10001000
01111110
01101001
01000001
01001110
11111111
11111111
11111111
11111111
11111111
11111111
11111111
11000100
01010011
10001010
01100100
01000111
01010000
01011101
01111111
10001001
01110010
01100011
01100111
10111111
11111111
11111111
00111101
10000000
01110110
10000010
10000110
10001100
10111000
10010101
01111011
01110101
00011000
00001101
00111001
01000000
01011010
10010111
00111001
00000111
00111010
01101110
10001011
10001100
01110000
01010010
01111001
10000100
10101010
10110011
01110000
10010001
11111111
11111111
01100011
01110111
01011000
01001010
01111010
10100101
10011110
01111010
01100111
01010110
01101011
10001011
01111000
00111001
00110010
00110111
00111001
01001000
01100010
01011100
01011100
01111101
01111001
01000110
01111010
01110101
01110001
10011010
10000100
10100101
11111111
11111111
10101101
11110010
11111100
11011011
10011000
10100110
10010101
10100010
10000100
01110100
01110111
01110010
01100111
01111010
10000001
01110100
01011111
01101001
01101011
01101000
01100011
01111100
01101001
01011001
01111101
10000011
10010100
10111000
10111001
10100110
11111111
11111111
01111101
10100111
10010101
10001100
10011011
10101010
10100010
10101111
10010110
01110011
10000010
10000001
01110111
01111100
01101001
01111110
01111101
01010110
01110010
10000001
01101010
01110001
01011100
01011001
01100011
10010100
10011111
10011000
10100111
10101001
11111111
11111111
01111000
10010101
10011110
10100100
10110010
10011011
10000100
01011100
01010011
01110010
10000110
01110110
10000011
01111110
01101100
01110011
01111010
01101010
01100100
01101011
01001110
01100011
01011011
01011010
01010000
01101001
10101111
10011001
10110010
11000110
11111111
11111111
01010110
10101100
10000001
01111000
01001101
01011010
01100010
01101011
00110001
01000101
01001100
01110000
01111000
01110011
01101100
01110010
01100001
01110110
01110000
01100000
01011011
01010101
01011001
01001101
01001100
01010010
10010000
10000101
10011101
10100111
11111111
11111111
10010100
10110111
01110001
01110001
01101100
01110100
01100100
01001011
11000101
10110101
01010100
01000001
01000101
01000110
01100110
10000000
01101001
01011100
01101101
01110001
01101001
01101100
01101110
01010101
01100000
01010101
10000000
01111110
10000001
10001001
11111111
11111111
10110101
10111111
10010001
10001010
10001101
01111011
10000000
11011111
11111111
11111111
11111111
11111111
11101011
10010010
01110111
01110101
01111111
01110011
01111100
10001110
10000100
10001110
10000111
10001001
01101001
10001000
10010110
10101000
10100000
10110010
11111111
11111111
01111010
10000001
10000110
10001110
01101101
01111101
01100011
01000110
01010010
01111100
10110100
11100111
11100011
11010100
11101011
10110000
01001101
01100000
01011100
01000100
00111011
01001110
01011001
01101011
01110011
11111111
11100111
10000010
10100011
10101001
11111111
11111111
01101101
01110011
10000110
10000111
01100010
01100100
01111110
10001100
11100100
11000001
01100000
10010011
10011110
10101100
10000101
01010111
01101111
01010110
00111101
00100110
00110111
00110010
00110011
01000110
01010010
01001100
01110100
01110101
10010011
01111010
11111111
11111111
01010111
01111100
01110111
01110101
01110000
01101100
01110000
10011010
11100000
11101000
01101101
01011111
01101000
10001000
01101101
01110100
01010110
00111110
01010011
01001110
01010000
01001110
01001101
01001000
00111011
01000010
01101001
01101000
10001001
10100000
11111111
11111111
01101001
01111111
01101111
01011111
01101111
01111001
01111100
01101000
10010000
01000110
01011110
01010100
01010100
01100110
01001110
01010101
01100110
01010001
01010010
01010110
01100011
01100010
01011001
01000110
01000011
01000101
01100100
01101000
01110000
01110111
11111111
11111111
01111101
01111001
01101001
01111100
01110101
01011110
01101011
01011101
01001111
01001010
01011111
01101011
01111000
01110011
01011010
01011001
01100001
01011011
01011001
01000110
01000111
01010011
01010110
01010001
01000101
01001111
01110110
01011111
01100001
01111111
11111111
11111111
01001110
01010111
01011011
01011101
01001001
00111111
01010000
01001010
01001011
01000101
01000101
01000010
00110111
00111111
00111111
00110000
00110101
00110111
00111111
00101101
00110001
00111110
00101000
00111001
00101111
00101001
00110111
01000001
00111011
00111011
11001101
11111111
11000111
11001001
11010110
11010110
11100100
11100100
11110011
11010011
11010000
10111100
11001001
11010101
11001011
11000100
10111111
10101100
10111011
10111011
10110011
10101010
10111001
10100011
10100101
10101000
10011110
10010010
10011011
10001000
10010101
10101101
