00000000
11111111
11111111
11111111
11111111
11111111
11111111
11111111
11111111
11111111
11111111
11111111
11111111
11111111
11111111
11111111
11111111
11111111
11111111
11111111
11111111
11111111
11111111
11111111
11111111
11111111
11111111
11111111
11111111
11111111
11111111
11111111
11111111
11111111
11111111
11111111
11111111
11111111
11111111
11111111
11111111
11111111
11111111
11111111
11111111
11111111
11111111
11111111
11111111
11111111
11111111
11111111
11111111
11111111
11111111
11111111
11111111
11111111
11111111
11111111
11111111
11111111
11111111
11111111
11111111
11111111
11111111
11111111
11111111
11111111
11111111
11111111
11111111
11111111
11111111
11111111
11111111
11111111
11111111
11111111
11111111
11111111
11111111
11111111
11111111
11111111
11111111
11111111
11111111
11111111
11111111
11111111
11111111
11111111
11111111
11111111
11111111
11111111
11111111
11111111
11111111
11111111
11111111
11111111
11111111
11111111
11111111
11111111
11111111
11111111
00100101
00000000
00000000
00000000
00000000
01010011
11111111
11111111
11111111
11111111
11111111
11111111
11111111
11111111
11111111
11111111
11111111
11111111
11111111
11111111
11111111
11111111
11111111
11111111
11111111
11111111
11111111
11111111
11111111
11111111
11111111
00011110
11111111
11111111
11111111
01000001
00000000
00000000
00000000
11101010
11111111
11111111
11111111
11111111
11111111
11111111
11111111
11111111
11111111
11111111
11111111
11111111
11111111
11111111
11111111
11111111
11111111
11111111
11111111
11111111
11111111
11111111
00000000
11111111
11111111
11111111
11111111
11111111
11011101
00000000
00000000
00000000
11111111
11111111
11111111
11111111
11111111
11111111
11111111
11111111
11111111
11111111
11111111
11111111
11111111
11111111
11111111
11111111
11111111
11111111
11111111
11111111
11111111
00110110
00000000
11111111
11111111
11111111
11111111
11111111
11111111
01010011
00000000
00000000
00000010
11111111
11111111
11111111
11111111
11111111
11111111
11111111
11111111
11111111
11111111
11100010
11111111
11111111
11111111
11111010
10101000
11011110
11111111
11111111
11111111
00000000
00000010
11111111
11111111
10101101
10111001
10000101
11111111
10011100
00000000
00000000
00000000
11111111
11110010
11111010
10001110
11111111
11111111
11111111
11111111
11111111
11111111
11111111
11111111
11111111
11111111
11111111
11100101
10010010
01110001
10000010
11100110
00000000
01111101
11111111
11111111
11111111
11111111
11111111
11111111
00000000
00000101
00101100
00000000
11111111
11111111
11111111
11111111
11111111
11111111
11111111
11111111
11111111
11111111
11111111
01101000
11111111
11101111
11111100
11111111
11111110
11101000
10111110
01110111
00000000
00000000
11111111
11111111
00000000
11111111
11111111
11100011
00000000
00100111
01000100
00000000
10001101
10100001
10011001
10010001
10110111
11011010
11111100
10000011
10000100
11111111
11111111
10111111
11111111
11111111
11010000
10101101
10100111
10111010
11100010
11111111
00011101
00000000
10001011
11111111
11111111
11111111
11111111
10010001
00000000
00101100
00100110
00000000
11100100
11111111
11111111
11101101
11111110
11111111
11110001
11110010
11001000
11111111
11001001
10100101
01001111
11001010
11010110
10100100
11010110
11111111
11111111
11111111
00101100
00000000
00000000
00000000
11100100
00000000
00000000
00000000
00000101
00000000
00010001
00000000
10001001
11111111
11111111
11101000
10111111
01110111
01111111
11111111
11111111
11111111
11111101
11100111
10101010
11111110
11111111
11111111
11111111
11111111
11111111
11111111
10111111
00000000
00000000
00000000
01110001
11111111
01110100
11111111
11111111
00000000
00000000
00101100
00000000
11111111
11111111
11111111
11100011
11111111
11111111
11111111
11111111
11111111
11111111
11111111
11111111
11111111
11110111
10010111
10100011
00000000
00110010
01111000
00000000
00000000
00000000
11111111
11111111
11111111
11111111
11111111
11111111
11000011
01011010
11011000
00000000
00000000
10000010
11111111
11111111
11111111
11111111
11111111
10101111
11111111
11111111
10110111
01101101
11111111
11111111
11111111
10001000
10011111
10110111
01010100
00000000
00000000
11111111
11111111
11111111
11111111
11111111
11111111
11111111
01101111
00100110
00000000
00000000
01000000
00000000
11111111
11111111
11111111
11111111
11111111
11111111
11111111
11111111
11111011
10000100
10010111
11111111
11111111
11111111
11111111
00110111
00000000
01110010
11111111
11111111
11111111
11111111
11111111
11111111
11111111
11111111
01100101
11011111
11111111
11111111
11111111
10000010
00000000
00000000
11010101
11111111
11111111
11111111
11111111
11111111
11111111
11111111
11111111
11001101
11111111
11111111
00010011
00000000
00000000
11101100
11111111
11111111
11111111
11111111
11111111
11111111
11111111
11111111
11111111
11111111
01111010
00000000
00000000
00000000
00000000
00000000
00000000
00111011
00100001
11111111
11111111
11011001
10011111
11111111
11111111
11111111
11111111
00000000
00011101
01010001
11111111
11000000
00000000
00100100
10100001
11110011
11111111
11111111
11110111
00001010
00000000
00000000
01100011
01111011
00011100
00000000
00100111
00111100
00111100
10100000
10100000
01101101
11111111
11011011
00000000
01001101
01010111
10010010
10000001
00010110
01010110
01010111
11000100
01010101
01001000
11100010
11011110
01000000
01000110
01010011
00000000
00000000
00010101
10000010
10000000
11101000
11111111
11111111
10001101
01000011
01000001
00110011
11100111
10011110
11111111
11111111
11111111
11111111
11111111
11111111
01111010
01000101
00111110
01001010
01101101
01110001
00111101
01111010
01000100
10011101
11011110
01100111
00001001
01000010
01011001
00101110
10100000
11111111
11110000
00010110
00000000
00100000
10011011
01101011
11001001
11111111
11111111
11111111
10010101
11111111
11001110
01001110
00000000
10100110
10110101
01100001
01011110
01011100
01001010
01011101
01110000
10111110
10011101
01001110
00100010
00110000
00100010
01111100
10100110
00100000
00000000
00000000
00100100
01001010
01111011
01011011
01011001
10011100
11111111
11111111
10011101
01111101
00101110
01001101
01111101
10110010
11001011
01111001
00111011
00111001
01010011
01001100
11010001
10101110
00111000
00100111
01010100
01000000
00101110
01100111
00000000
00000000
01000101
00100101
00011011
00101100
10001000
01101010
01011110
10011000
11111111
11111111
00101001
01100111
00110101
01001111
00110011
00111110
00001101
00000000
00000000
00000000
00000000
00100011
10010111
01010111
00101110
00111001
01000101
01000100
00110011
00110011
00000000
00101000
00111001
01001110
00110110
00010110
01100000
01011101
01011001
10011011
11111111
11111111
00010001
01001000
01010000
11111111
11111111
11111111
11110000
01011001
11111111
11111111
00110111
00000000
00000000
00000000
00000000
00101110
01000101
00011011
00110001
00110100
00110101
00110001
00111111
00100011
00010010
00000101
00110000
01000100
00111101
00100110
11111111
11111111
01000100
01100100
01001000
11111111
11100100
10101010
10001011
11111111
11111111
11111111
11111111
11111111
11111111
10111001
00000000
00000000
00000000
00000000
00000000
00000000
00000000
00000000
00001001
00101100
00010110
01000110
01010000
01100001
01001101
01010111
11111111
11111111
00001000
00110100
00000000
00101000
00011111
01001010
00000000
00000000
00100010
11000010
11111111
11111111
11111111
11111111
11111111
11111111
01100100
11111111
10101111
10101111
11111111
10111110
01101010
00001110
00001000
11000110
10111001
00111111
01100000
01001110
11111111
11111111
00001110
00101111
00010101
00101100
00000000
00000000
00010110
11111111
11111111
11111111
10110111
11111111
11111111
11111111
11111111
11010110
11111111
11111111
11111111
11111111
11101011
10101011
10011011
01101010
00000000
00001111
00101001
00111001
00111011
00100100
11111111
10101000
00000111
00111110
00111110
01010000
00111100
00000000
11111111
11111111
11111111
11111111
11000000
01110100
11011011
11111111
11100101
11111111
10000101
00001110
00110000
00101010
01100010
00110111
00110110
00010100
00000000
00001000
00100011
00110001
00111110
01100100
11111111
10000010
00010100
00111101
00101111
00011001
00100100
00100001
00101001
10110000
11111111
00110110
00011011
00000100
00100010
01010011
00100000
00010001
00101111
00000000
00000000
00000000
00000000
00000001
00001001
00000101
00000100
00001110
00101011
00101111
00110010
00111111
10111111
10000100
00101010
00111001
00100001
00111001
00111110
00100000
00000000
00000110
01010100
00000000
00011000
01001010
01110101
01010010
00001111
00001010
00100101
00100001
00010011
00010000
00001001
00001010
00011001
00010001
00010001
00001110
00101111
01000111
00100110
00101110
10101110
01101010
00001100
00010000
00011001
00011111
00001011
00011101
00100001
00001100
00000000
00000000
00000000
00001111
00000000
00000000
00000000
00000000
00000000
00000000
00001110
00000000
00000101
00001000
00000000
00001010
00001010
00000001
00010010
00110010
00001110
00001110
01101011
10001100
00100101
00101111
01000100
00111111
01010001
01100011
01100011
00111011
00111000
00111010
01001100
01010111
01000010
01000000
00111011
00110100
00110101
00111111
01000000
00110110
00111100
00011011
00101001
00101001
00011101
00011010
00011101
00100001
00100111
00011000
