00000000
11111111
11111111
11111111
11111111
11111111
11111111
11111111
11111111
11111111
11111111
11111111
11111111
11111111
11111111
11111111
11111111
11111111
11111111
11111111
11111111
11111111
11111111
11111111
11111111
11111111
11111111
11111111
11111111
11111111
11111111
11111111
11111111
11111111
11111111
11111111
11111111
11111111
11111111
11111111
11111111
11111111
11111111
11111111
11111111
11111111
11111111
11111111
11111111
11111111
11111111
11111111
11111111
11111111
11111111
11111111
11111111
11111111
11111111
11111111
11111111
11111111
11111111
11111111
11111111
11111111
11111111
11111111
11111111
11111111
11111111
11111111
11111111
11111111
11111111
11111111
11111111
11111111
11111111
11111111
11111111
11111111
11111111
11111111
11111111
11111111
11111111
11111111
11111111
11111111
11111111
11111111
11111111
11111111
11111111
11111111
11111111
11111111
11111111
11111111
11111111
11111111
11111111
11111111
11111111
11111111
11111111
11111111
11111111
11111111
10100101
01110000
00000000
00000000
00100100
11001000
11111111
11111111
11111111
11111111
11111111
11111111
11111111
11111111
11111111
11111111
11111111
11111111
11111111
11111111
11111111
11111111
11111111
11111111
11111111
11111111
11111111
11111111
11111111
11111111
11111111
11100010
11111111
11111111
11111111
11001001
00000000
00000000
00000000
11111111
11111111
11111111
11111111
11111111
11111111
11111111
11111111
11111111
11111111
11111111
11111111
11111111
11111111
11111111
11111111
11111111
11111111
11111111
11111111
11111111
11111111
11111111
00000000
11111111
11111111
11111111
11111111
11111111
11111111
00111111
00000000
00000000
11111111
11111111
11111111
11111111
11111111
11111111
11111111
11111111
11111111
11111111
11111111
11111111
11111111
11111111
11111111
11111111
11111111
11111111
11111111
11111111
11111111
10111000
00111000
11111111
11111111
11111111
11111111
11111111
11111111
11000010
00000000
00000000
00011000
11111111
11111111
11111111
11111111
11111111
11111111
11111111
11111111
11111111
11111111
11111111
11101110
11111111
11111111
11111111
10100010
11010001
11111111
11111111
11111111
00011110
10000101
11111111
11111111
11111111
11111111
11111111
11111111
11111111
00000000
00011011
00100101
10110100
10101000
10000000
00111010
11111111
11111111
11111111
11111111
11111111
11111111
11111111
11111111
11100100
11110101
11111111
11001011
01110111
10000000
10101111
10110001
01010001
11111111
11111111
11111111
11111111
11111111
11111111
11111111
01100111
00010011
01000010
00101101
11111111
11111111
11111111
10111000
11111111
11111111
11111111
11111111
11111111
11111111
11111111
01110001
11010100
11100111
11111010
11111111
11101111
11111101
10111101
01000011
01001101
00000000
11111111
11111111
00100101
11111111
11111111
11111111
00101001
01001100
01011010
00000000
10000111
10000111
01011011
01100100
10001010
10001010
10110110
01011001
01110010
11111111
11111111
11100000
11111111
11111111
11111111
11001001
10111111
11001001
11001010
11111111
11010000
00000000
11111001
11111111
11111111
11111111
11111111
11111111
00100000
01010000
01001100
00100001
11111111
11111111
11111111
11001110
10111001
11010001
11010101
11011011
11010111
11111111
11111111
10111101
01011111
11011101
11000101
10011000
11000010
11101000
11111111
11111111
10111110
10001011
00000000
00000000
11111111
00111110
00000000
00000000
00110110
00010001
00010100
00010001
10000110
11111111
11111111
11001000
10100001
01011111
01001000
10110110
11000111
11111111
11111111
10110111
01110011
11000011
11111111
11111111
11111111
11111111
11111111
11111111
11011010
10100111
00000000
00000000
10111101
11111111
11100000
11111111
11111111
01110001
00000000
01101101
00000000
11010000
11111111
11100111
10011001
11111111
11111111
11111111
11111111
11111111
11111111
11111101
10010100
11111111
11111111
11111111
11111101
00101100
01110001
10011100
00000000
00000000
01100001
11111111
11111111
11111111
11111111
11111111
11111111
11111111
11111111
11111111
00000100
00001101
10010100
11111111
11111111
11111111
11111111
11111111
10111110
11111111
11111111
11111111
11111111
11111111
11111111
11111111
11101110
11100011
11111111
10010000
00000000
01100001
11111111
11111111
11111111
11111111
11111111
11111111
11111111
11111111
11010110
00000000
00010011
11011011
00111111
11111111
11111111
11111111
11111111
11111111
11111111
11111111
11111111
11111111
11010001
11101001
11111111
11111111
11111111
11111111
01111010
00000000
11111111
11111111
11111111
11111111
11111111
11111111
11111111
11111111
11111111
11111111
11111111
11111111
11111111
11111111
11111111
00000000
01000100
11111111
11111111
11111111
11111111
11111111
11111111
11111111
11111111
11111111
11111111
11111111
11111111
00110010
00000000
00011111
11111111
11111111
11111111
11111111
11111111
11111111
11111111
11111111
11111111
11111111
11111111
11000111
00001111
00000000
00000000
00000000
00000000
00100000
11111111
11001111
11111111
11111111
11111101
11111111
11111111
11111111
11111111
11111111
00000000
00001101
01111100
11111111
11111111
01010111
10111010
11111111
11111111
11111111
11111111
11111111
01011000
00000000
00000000
01101111
01111101
00000100
00000000
00000010
01010010
00010001
11111111
11111111
11111111
11111111
11101000
00000000
11111111
11111111
11111111
11111111
00001000
01010000
01111001
11111011
01110100
01100000
11111111
11111111
10011010
10000000
01110110
00000000
00000000
00010111
10101001
10010001
11111111
11111111
11111111
11110001
01001110
01000011
00101011
11111111
11111111
11111111
11111111
11111111
11111111
11111111
11111111
10001001
00100000
01011001
01100010
10010111
10101001
01101101
10101001
01101111
11010001
11111111
10001010
00001100
01010100
01101101
00111011
11110111
11111111
11111111
00110001
00000000
00001001
11010111
01110111
11111111
11111111
11111111
11111111
11100011
11111111
11111111
01100000
00000000
11011010
11111111
01111100
01111010
01111101
10000000
10001010
10011101
11111111
11010000
01110000
00111101
00111110
00010001
10000101
11111111
00111110
00000000
00111000
01011100
00100011
10001010
01101001
00111001
11011100
11111111
11111111
11100110
10010000
00101100
01011100
10011001
11111111
11111111
11100010
01101101
01010110
01110010
01101111
11111111
11110101
01010011
00111010
10000011
01001011
00101100
10000000
00000000
00000000
10010101
01100101
01000010
00110001
10100011
01110110
01000111
11001101
11111111
11111111
01101100
10001110
01101101
10101110
10011110
10001101
00110010
00000000
00000000
00000000
00000000
00101111
10110110
10011000
01101001
01011011
01011101
01001101
00110010
00110001
00000000
01100101
10010111
10111111
01101101
00100110
01110000
01011001
01010101
11101110
11111111
11111111
00011100
01011010
10101100
11111111
11111111
11111111
11111111
11001100
11111111
11111111
01111101
00000000
00000000
00000000
00000000
00110110
01100100
00010011
00110100
00110011
00110111
01110101
10010101
10000010
00110110
00001111
00101000
01011110
00111001
00010011
11111111
11111111
01000110
01100000
01100010
11111111
11111111
11111111
11111111
11111111
11111111
11111111
11111111
11111111
11111111
11111111
00000000
00000000
00000000
00000000
00000000
00000000
00000000
00000000
00011000
01101101
00100101
00111100
01011101
10010000
01111111
01111001
11111111
11111111
00010110
01100010
00000000
01000101
01110011
10000101
00000000
00001000
10010111
11111111
11111111
11111111
11111111
11111111
11111111
11111111
10000110
11111111
11111111
11111111
11111111
11111111
11011010
00000000
00010101
11100111
11010111
01001100
01011111
01001100
11111111
11111111
00100010
01000000
00000110
00011011
00000000
00000000
00010110
11111111
11111111
11111111
11111111
11111111
11111111
11111111
11111111
11111111
11111111
11111111
11111111
11111111
11111111
11111111
11111111
11111111
00000000
00000110
01000000
00100100
00110011
00111110
11111111
10111100
00000000
01100100
10000010
10010011
01101011
00000000
11111111
11111111
11111111
11111111
11111111
11111111
11111111
11111111
11111111
11111111
11111111
01110110
10001111
10001100
11000000
10001110
10010011
10001000
00000000
00000000
00100100
00110100
01010110
10010000
11111111
11000000
00101110
10000001
01000110
00111000
01000110
01000100
01111011
11111111
11111111
10110101
01111110
01010001
01111110
10110001
01110111
01100001
10011000
00000000
00000001
00000000
00000000
00001010
00000100
00000000
00001000
00100011
01101111
01011110
10000101
01101011
11111111
11010011
01010111
01011010
00110100
01011111
01101111
00110010
00000000
01010111
11101111
00000000
01011000
01111110
10110101
10011100
00110111
00110001
01010010
00110010
01000001
00010011
00000000
00000101
00000111
00010010
00001100
00000000
01010100
10110100
01000110
01001100
11111111
10101101
00100101
00011110
01001101
00110001
00100110
01001000
01110011
01001001
00010110
00001011
00010010
01011111
00000101
00000000
00000000
00000000
00000000
00000000
00001000
00000000
00000000
00001110
00000111
00010100
00001100
00000000
00011000
10000100
00101010
00100111
11100100
11001111
01101101
01101010
01110101
01101001
10101100
11010011
10101001
01101011
01011100
10010010
11001100
11111111
10001100
10001001
01101110
01001000
01011110
01011110
10110011
01011010
00111100
00101000
00111010
01011110
00100101
00100010
00011101
01010110
01011011
01001001
